2150
2096
1632
1453
2709
2809
448
999
150
1821
2943
2622
1870
1797
2581
2230
2682
1654
1909
298
224
2
1764
315
881
2444
682
419
2879
1729
2206
2042
369
370
2459
1335
2296
1480
425
265
1661
332
1710
1429
1500
548
1306
927
380
2703
1952
2017
603
733
59
2690
2501
2648
971
2923
2257
2751
2379
1975
2594
2959
1175
852
2383
1659
2834
906
2828
98
1472
1464
2302
2389
1294
2411
1176
2908
2872
2765
1089
1177
2922
1507
1080
171
704
1223
2787
2504
2042
529
2554
999
137
735
1821
838
1907
1804
1430
2711
2405
2329
721
1277
177
1043
272
2683
2908
1243
1012
901
2640
2458
2144
352
1130
772
1863
414
2465
2359
1238
2332
2004
2002
2879
2399
1046
2764
87
2321
1167
1344
2105
1260
219
253
2847
1282
1268
1481
2132
678
1385
1113
858
2071
2250
125
1882
2148
2855
490
503
464
2260
2728
448
1926
2446
2120
56
1297
1622
1009
1085
1469
1119
2836
24
2149
33
976
1207
1171
1210
1915
201
1785
1903
1777
2996
1988
2542
2999
427
1295
491
1559
1986
1271
454
1106
1768
2634
2295
2208
1717
2874
2569
1997
2609
1007
806
595
1319
2375
796
1912
2880
1315
1605
2738
2632
1969
908
427
409
2588
419
1989
215
2370
2704
2960
121
109
2592
1160
2362
788
1564
163
563
1710
2114
209
2945
808
1943
2250
997
1378
1141
868
1745
1747
1077
2969
1033
1186
1665
2370
574
1809
975
790
1526
2201
759
2138
2323
2120
2460
1525
1238
2840
558
1094
1781
2452
1815
2403
2469
1869
2900
1959
2836
1231
2336
383
661
993
1287
1684
1411
1138
2819
2188
2695
2733
1602
908
235
1375
776
2333
2351
49
1721
69
2316
441
940
1167
1188
2901
1966
560
2707
964
2329
680
1799
688
2051
62
1936
2937
923
587
183
297
943
1950
2199
2413
759
2958
1717
1163
1808
2395
2156
1506
2952
1395
1946
581
956
567
972
245
2981
538
190
202
456
54
1918
1630
241
1380
683
407
840
405
659
1943
687
2681
1727
21
57
2413
1095
2158
85
482
1097
1556
1609
545
325
2011
2186
1481
1681
1935
2516
2645
2131
2056
851
774
2066
407
1549
786
2054
785
2929
1249
2578
2078
2889
941
1938
1637
1421
2606
975
2282
127
816
1540
462
1239
2803
814
729
1280
1020
2557
2777
2584
1414
2172
2129
237
430
1189
868
748
1173
2252
2745
1803
2419
78
597
1881
1711
1064
2072
1259
2287
2238
2445
1016
1242
2193
1593
114
2092
1329
1146
1391
1731
2354
1309
2448
708
1379
2983
1867
1778
246
2494
33
795
815
546
2976
1249
1909
1872
145
28
2399
1570
1909
409
578
2170
723
762
432
2127
1465
1067
2769
1738
1314
977
2332
2285
1768
0
2053
1697
952
2179
1432
1041
1296
1666
788
798
901
1612
1619
1104
1507
2958
750
2962
929
2945
153
854
1105
2530
1419
178
2521
2291
784
2553
2755
942
386
2228
214
229
1016
623
1760
635
127
2420
2962
1186
121
1584
2029
510
2105
300
2199
1328
274
1950
347
1609
2947
2016
2022
2850
889
1182
759
2167
2166
805
2665
298
2034
1513
1608
51
1669
796
165
2309
521
1204
509
336
2015
1067
2917
2901
2027
589
323
2535
1173
1676
501
214
1348
1946
2899
2753
2244
1093
987
2326
654
46
2146
1762
1387
255
1594
2529
1330
2942
725
1771
2932
2168
1415
216
1784
318
387
2395
1391
2778
588
255
1301
1493
782
1088
2882
2545
105
2483
1819
1868
245
1056
154
2936
2166
2716
223
1431
1883
394
2238
753
2750
411
514
1617
1987
2991
1409
44
1821
2863
957
603
1572
2427
986
2000
336
1565
2070
1871
1581
1904
161
61
1968
2144
1043
597
50
1957
855
2188
2223
976
1975
213
1278
2458
340
965
2361
400
2988
1190
2788
182
85
2030
2289
2136
119
887
1634
2944
2081
2986
2350
318
568
2032
2339
1050
599
1776
2663
2272
2664
1153
498
2620
2146
199
1453
912
2653
1053
863
2983
2055
2039
518
421
2175
2129
431
2215
2986
2969
2760
2562
17
117
2836
2537
2281
231
2451
2799
516
610
2088
2106
1929
2743
2648
1081
2695
1381
459
2467
2604
2106
1924
2952
1011
2374
41
2652
1017
713
1336
2342
2315
1911
1285
1719
1561
1899
2294
1215
1355
1456
558
2212
2973
2828
2756
1930
1971
4
515
1833
2500
1584
2905
1957
796
1915
2823
315
801
650
2244
352
1095
2768
1525
1269
559
1727
756
2109
2083
2574
2112
1512
1535
2590
2567
1281
2839
400
2062
145
1549
1447
255
2509
660
243
1416
383
1613
2972
2763
345
472
1724
1666
1903
2203
2987
2531
1511
1639
923
12
223
2391
1474
313
1962
1292
440
1773
1378
2328
1383
2825
2415
22
1489
2489
888
1297
2415
2132
2713
2544
2617
26
2802
2335
2748
467
165
691
355
1709
2313
2121
1394
884
2761
1848
2901
1280
213
2660
647
1911
2863
1661
2618
234
1200
935
2797
2130
1815
1652
970
1812
2791
567
2096
350
2552
2086
181
2698
366
159
642
1787
2132
180
2710
2224
1599
846
2651
2414
1814
539
363
1613
2271
1258
2299
2421
2066
400
1620
2552
2261
2887
2109
1424
1648
46
2484
149
196
1578
547
862
2655
2507
1954
2066
2040
1646
2315
740
144
380
1924
1347
1615
2818
501
2641
1759
2407
1089
2278
2846
1006
572
1668
453
123
2183
1278
1206
2637
884
1750
1234
726
1627
2644
1654
2006
1162
2451
2542
985
398
2670
1052
902
163
2235
1653
2820
720
2462
1846
474
1459
826
1253
888
1857
2459
1501
1070
2035
2100
1063
2301
136
1479
1968
1537
2167
1664
1147
1309
1981
2816
190
2203
766
1048
2300
575
2550
691
2404
1524
1144
1178
1643
385
300
2099
751
1129
1895
538
324
895
1557
1838
1470
1747
2349
206
1949
284
2898
271
2665
231
1786
667
2127
2413
2939
1108
426
1681
2378
72
289
329
2843
2259
804
1377
2535
1379
2648
1759
630
2535
906
17
1121
515
925
1395
98
2764
2127
2485
737
500
2268
627
1947
1591
2264
2118
2012
1197
457
2054
2416
2022
1048
1227
2608
2091
1317
2867
1519
490
335
2338
389
2286
2941
2997
2700
11
1978
1368
953
627
144
2592
1468
2683
1130
2757
464
2609
2271
206
365
613
521
2239
2508
2507
223
799
1311
43
2925
777
2393
2881
2385
1394
2169
215
2859
2854
2118
2379
1798
1005
1097
2277
2283
1125
2948
509
1736
1201
1019
1272
778
1156
1284
2794
2576
382
1271
2003
1499
2723
2306
1472
573
659
271
1307
2890
1906
556
682
1966
1916
769
51
943
961
434
2770
2509
415
1002
870
498
1701
292
2159
352
1070
845
2458
1844
852
2584
949
2882
2212
1759
1942
1651
640
2262
1146
918
2471
1128
2649
2973
567
2385
1209
1412
2137
300
1284
2849
116
1612
1323
509
2085
1410
1337
1755
866
1057
1568
1648
1132
1807
1245
1926
248
686
1902
1039
2433
1662
2609
1298
2913
1214
1620
1706
1262
2079
510
2600
1455
1199
2726
938
2297
1782
2714
835
1969
781
1353
1809
1246
1208
2305
186
2659
268
189
1151
1443
2575
52
1087
2491
515
546
107
1748
1243
2542
985
626
798
2493
166
865
462
864
2046
2095
2631
245
2302
938
1314
1421
1830
955
1723
2702
602
25
1420
1114
671
2923
2032
1805
1554
2805
759
983
311
184
2603
1151
1821
1621
1648
76
2009
889
1649
2009
2197
733
2720
2099
1166
548
73
664
1097
1352
2473
2123
222
2313
2380
767
1728
847
1717
2424
2328
1870
1660
92
1827
205
978
2206
51
439
2140
1881
1604
2612
1711
2791
1156
2086
1435
2686
274
1752
2865
1538
2176
349
2515
2386
322
1193
143
2556
1328
1907
36
1785
369
1951
2042
983
2011
751
519
1970
303
1089
2452
395
898
123
1548
2337
1039
2972
452
628
407
164
2962
964
57
511
2574
2047
2025
2038
721
1737
2596
1522
626
1074
781
1982
1912
408
148
2037
2924
504
1867
540
1066
493
647
1189
2458
1907
154
1934
2780
2690
453
18
359
2158
2150
320
2289
2216
2073
2298
2725
1886
2615
1417
1492
2258
2207
255
2618
1390
2896
2710
587
1427
1529
771
1833
2314
2696
234
2285
909
1346
1429
1740
1112
2825
669
305
2706
997
510
1286
122
171
200
2589
1155
1650
2798
1974
2759
1922
408
2437
640
1880
1784
2398
2146
2774
147
527
152
1158
652
1656
220
1672
2145
1491
124
1141
126
1719
2097
318
1813
2524
717
1402
2041
2574
240
1466
1493
1206
457
1983
254
2714
2744
1766
1114
2504
1909
1913
243
312
1745
1673
1000
2628
1787
1570
1488
144
784
1679
2306
214
690
2532
515
2077
1636
2876
309
2032
2363
2296
1185
1711
1921
616
2537
138
158
8
1595
1498
1524
2785
2467
216
120
90
2694
1398
1632
2935
2276
1521
1853
1395
468
1915
1914
1309
1862
634
90
2277
2308
2070
2148
2507
1138
1998
1641
1732
894
2647
340
301
303
891
2126
1461
1738
1785
1118
2872
1595
1335
2667
2528
196
732
951
2471
1734
98
461
2972
2598
2346
1485
1281
1063
766
1889
530
814
658
1040
1964
2083
2574
2592
2344
2395
2581
2055
1184
893
2438
2678
2293
113
571
1031
1106
2751
1408
2975
1339
2537
1849
264
619
733
1465
1000
29
1965
1458
406
825
1236
382
61
1016
2854
284
2652
23
786
2087
666
269
576
1820
2090
2230
2396
734
1145
335
2121
268
2522
966
1451
2428
2164
1799
1092
315
2776
2862
843
2295
1543
1820
106
1625
1318
295
1853
368
2553
2400
454
1897
708
1118
1983
2465
2592
1744
2621
1057
181
2204
1756
1017
1941
2877
2023
1910
1410
1336
2178
557
976
2376
1082
308
2225
1712
2368
292
41
882
2459
693
1859
48
1566
2990
1877
2757
93
553
2988
1073
1527
101
2287
31
368
2144
2617
2908
2997
838
444
2531
1531
2525
609
591
2780
2639
1031
2813
1211
766
1401
1779
1615
2237
2096
2306
644
1862
185
1357
840
272
2326
785
1967
709
2618
496
2581
1143
2138
2070
1666
2200
1834
406
1941
1554
759
2580
2067
2274
2326
793
2424
954
1214
2143
437
2481
956
794
2569
1819
2885
2181
84
2405
1171
895
1532
1473
1071
2171
1541
1999
2195
2086
86
1901
1707
9
1691
1669
1751
2284
1283
1745
157
2672
2453
679
598
2766
741
1448
2762
299
1366
1200
940
2131
2309
2231
2542
1610
192
2079
477
1064
2564
1349
1248
1257
2379
140
2665
2892
2396
1852
2653
2530
1001
2626
1462
1708
2645
1758
1757
529
1527
1050
1615
1578
1524
381
1349
2718
1520
1589
1264
79
311
228
1053
2451
131
802
2424
2191
542
1692
811
1917
2985
268
1629
2299
678
457
1449
1588
807
1460
780
1822
982
1362
755
83
2929
929
994
1725
2092
121
2238
1084
478
631
2998
2929
1502
2138
473
680
1905
958
2346
373
1959
1338
717
1285
2168
1804
1535
2268
1476
1744
2200
17
2709
1749
1771
1750
1466
211
1268
2165
2047
1164
960
9
1214
2557
2295
139
625
829
1210
604
1677
1999
1023
43
1239
388
2868
505
323
2634
1763
1748
2175
1701
1915
1105
1527
377
1606
1100
1893
1930
2241
235
1701
2590
1585
2674
1882
929
1096
1924
2197
313
435
2171
1017
266
2770
420
1665
2840
2381
385
2549
1945
2278
747
1376
2044
2117
348
1568
647
1613
794
728
1689
896
48
2545
92
1846
1700
2915
1655
401
2871
313
805
2112
58
499
1781
2809
2623
2601
397
1297
187
1357
775
1218
2806
1944
161
1947
1491
228
2401
2365
1501
625
571
1693
660
2865
2867
1282
20
955
2001
257
1235
482
139
2334
1196
26
740
2804
2790
28
624
1780
2956
1788
1135
1196
2743
464
2401
795
2567
42
2414
2455
2567
1066
982
1622
682
730
542
440
1900
2464
1278
241
1086
2592
1170
577
820
901
2226
1777
2759
82
1489
1150
1309
947
2277
1506
2661
1129
1589
454
2644
637
2702
1176
1375
2086
1630
877
1247
2782
1395
2025
1479
1013
1900
2661
251
1912
646
691
1296
2105
2592
1924
1785
2102
2063
2911
2415
893
868
2213
746
1643
1607
1689
2093
580
1537
1645
2580
1304
1432
2355
2467
2596
1414
2410
1307
655
1979
661
166
2242
1203
207
1834
1686
1525
861
1749
32
452
1877
292
701
1139
2421
72
1077
929
294
1921
1220
1737
1789
509
2616
2474
1306
764
362
1692
2386
625
569
159
257
2179
957
1195
2737
1711
1689
1347
1400
1931
339
2317
2422
2312
1693
927
224
1376
582
471
237
2638
1462
862
2511
1002
1632
2724
1772
1482
2173
1820
1645
2337
2588
1153
282
1054
1965
493
1480
971
1097
1209
556
2842
2501
2924
1801
2244
2600
1768
175
2407
1514
1897
2178
1805
906
1328
2342
739
2222
2251
2750
104
332
563
196
2566
2182
1645
2239
557
379
2158
2289
2740
2974
145
228
1883
2681
643
1609
1609
1787
1676
2504
1905
1706
676
1376
993
1793
1170
2002
803
2448
958
1471
2153
890
2996
1653
1591
1063
1746
197
900
183
2975
2165
320
218
1655
788
2724
2308
2084
1543
1291
2606
1198
824
568
442
639
2885
257
1856
1272
479
2671
1630
557
742
2406
2853
524
260
557
2752
2009
1100
1614
2144
2309
1671
2126
258
2543
1762
1252
961
680
949
420
1529
1498
1672
1536
1063
2626
2816
1503
445
1290
494
2195
381
480
877
1545
544
881
1470
965
206
1223
1134
2042
1858
1517
1344
2178
397
1114
731
2772
290
560
2927
2441
1827
1859
2884
2895
1141
977
2556
2185
66
257
2648
2323
1124
1819
1525
2585
24
1032
1945
2256
2000
1766
1252
2112
1029
1292
2020
1510
2662
550
2746
1741
1572
817
237
1034
1293
1852
1658
1559
1717
132
895
2744
943
968
957
2298
2874
51
2464
1566
635
1344
1034
2047
2445
2154
2434
330
2852
2798
2758
162
2560
1385
1667
2880
13
982
2803
134
1884
1733
2947
1567
2298
2450
265
914
226
2680
2120
2990
1912
360
1379
2978
1434
883
1012
1626
665
672
862
2124
801
1269
38
746
456
389
195
1784
968
2510
1157
734
1021
182
876
335
2051
565
1615
1719
2059
2474
1429
700
2472
754
1620
2140
1578
781
729
225
2728
2534
1883
2632
1082
2934
1927
613
2072
2960
685
1382
1934
2445
14
418
2847
2510
895
829
2019
2149
2831
2363
1941
728
2094
1346
2557
2903
1043
2484
605
2884
1737
300
2668
2939
1403
885
1604
2596
21
614
2044
189
1322
2589
2439
2130
858
731
2841
2663
2548
1761
116
801
2145
1606
2636
1681
497
323
2706
2700
2230
1114
1065
1568
534
1694
1639
2672
2263
1019
1492
2111
2232
2200
520
266
2824
1383
1809
1852
1418
394
1894
2101
12
53
2236
1064
542
308
1216
823
1920
612
1713
1959
661
391
2013
648
140
2937
250
1459
81
2651
945
1144
2740
2240
1334
2618
1456
2259
267
1730
1864
2240
244
2498
2875
2635
915
88
1891
844
1900
2093
241
2759
2186
422
795
480
1573
608
1992
242
1766
276
1154
2963
583
180
920
403
2562
367
1946
530
830
2861
1688
1364
581
1607
1081
2449
772
427
2281
936
842
2291
305
2303
1191
367
2478
2797
1032
133
1923
1876
2871
82
2111
226
409
1612
2487
1245
24
2160
665
414
2167
2803
1380
485
1095
2276
1515
91
2246
2677
960
2116
1264
2050
825
1010
327
2542
2678
1172
2793
936
1932
1525
483
80
1345
1555
39
2969
726
294
2711
2198
1465
2018
2765
2931
2346
851
2345
603
2290
956
1074
1287
1210
574
62
1848
1037
867
1110
1935
1201
2296
1970
253
1415
121
341
1616
518
591
2007
1943
386
2442
68
1544
1518
471
2627
1909
1839
210
480
592
1566
1033
1517
2829
1571
2506
2388
2100
2703
285
1808
72
2774
2493
1477
1131
665
209
2020
2104
1913
1566
694
757
1558
763
722
223
2695
1377
1109
1679
1204
2398
635
348
2517
1621
1379
282
997
1290
660
2286
1587
247
645
929
2763
1356
1056
1696
1616
2449
493
1074
952
1769
2759
690
762
586
2311
1526
189
506
562
1769
1240
1938
159
1923
2982
1202
645
2549
1756
1889
17
2254
120
2282
674
467
1708
1970
990
1995
80
2184
467
2434
2792
1873
850
1192
2452
1141
939
2109
448
328
2018
2550
1191
1815
818
2264
322
1484
817
2368
2258
2762
1358
1432
2636
170
642
888
1902
534
35
2788
152
1189
361
377
1662
1885
2946
1950
159
2521
84
2030
1862
369
2400
1183
618
2065
1137
1494
152
1341
1931
2159
1414
1328
1853
1622
1382
102
710
2259
363
1178
541
1749
852
1736
89
2103
2411
551
2724
1578
2739
856
2755
2754
2168
763
514
1504
1232
2313
