1182
2009
220
1907
2583
2955
1827
2668
1334
1740
983
797
152
1115
551
405
2430
138
2852
1007
2243
1405
1213
2182
843
2409
2327
618
2257
376
1176
1500
2460
2701
1674
2392
1283
2416
1874
57
699
166
2673
1013
2522
1597
1348
1070
2750
2268
1010
701
827
2929
1162
2691
1006
1281
2983
1303
2715
301
1745
2009
426
705
2921
2776
1948
214
2947
2919
308
1020
1518
676
1553
1108
358
833
693
1989
1970
62
2867
883
1691
2049
2402
1462
2590
930
2981
913
1241
1229
405
1378
2333
2071
671
2641
1253
304
1039
2409
380
2004
2696
2574
1713
2774
1270
2451
1714
353
2034
1260
866
2187
1011
2911
2342
807
2448
561
1508
2313
196
485
595
2556
2457
297
830
2255
2125
2886
667
837
2590
99
2378
521
270
2703
2305
2983
1513
1026
2397
825
1565
360
1334
1091
1394
2281
2633
114
1873
2866
2417
2229
1609
1107
351
91
1138
796
1229
1777
2635
1665
147
244
2434
1727
1966
2338
757
493
2809
151
2907
1042
1838
1306
2924
855
2306
551
320
2841
994
14
1862
1058
1683
2469
712
374
1016
1087
2316
1561
2394
1388
1364
223
921
371
1007
1455
382
1239
2085
1155
330
1611
669
631
1950
1715
2528
1372
2230
1722
1272
713
1189
176
1030
589
2476
328
2276
1582
2557
2157
2198
142
1988
923
2543
58
1838
2227
2219
2088
267
1820
240
1086
1586
2736
2632
2973
1688
2748
1849
1463
2799
685
2047
2741
705
2759
2137
2966
2392
2759
20
1972
2913
1810
2700
1434
2759
244
95
390
1613
1169
2417
1142
1453
1392
2709
1361
1319
1532
1943
2524
1800
449
471
810
352
1475
2078
2086
1965
386
1034
2768
1459
2650
627
2075
1782
82
1531
2496
112
1839
2104
1232
1381
1477
1316
1878
2914
1767
1382
1695
2412
2955
2498
2552
268
1304
2155
1888
2399
2958
2474
943
1251
1447
2803
2962
529
2622
1466
1192
2322
1216
26
113
906
2908
783
2641
2322
352
1355
2860
78
1518
1282
342
2909
2451
2373
84
364
1603
272
1796
357
922
2286
2444
1287
6
828
845
2384
2920
178
1438
148
1585
253
451
2416
99
2049
239
538
1843
174
2778
482
2887
511
2093
1331
901
484
2798
1632
593
737
1865
2444
1569
133
1367
1552
1562
2019
61
1422
2013
1480
459
2806
2190
1035
2395
622
310
694
1019
857
1498
2699
1726
554
1870
1446
629
2804
1606
1173
2943
667
503
2842
942
1468
1274
2424
2113
2616
654
361
2570
2297
2380
1403
2982
2819
2034
265
1889
207
1976
1732
1632
832
696
693
1959
2313
314
1478
2894
2839
1294
1457
2494
1189
1970
1380
809
304
47
240
600
2114
2956
2648
249
576
660
2691
1720
1417
2463
1154
1488
987
232
2632
1982
2904
615
665
2316
2740
2887
389
2912
965
1367
2441
1021
2624
2665
1941
193
854
1441
1306
2300
363
916
2385
2949
231
943
1071
1936
122
1227
2954
2702
959
25
2892
1814
477
613
553
1016
762
753
1914
2586
890
2528
561
1474
2209
1056
1339
83
2476
2910
2352
1465
2157
1389
2735
276
2611
315
800
1966
594
514
1210
2375
1676
870
2726
288
2541
2509
2819
2377
1970
1569
1017
458
2426
915
1274
1158
593
2179
2916
1705
1114
2653
1855
1909
2841
754
2684
1250
1490
2085
1088
501
2400
538
2647
337
1280
2369
2579
115
1400
2745
1334
212
2519
1991
82
1189
90
2493
199
2505
838
110
680
2518
712
2913
151
2191
2487
104
2664
2085
1844
163
1878
1119
758
448
2474
1939
2255
894
686
1765
236
1817
821
1203
1088
2404
353
1687
1030
56
2822
1021
2886
1507
2206
870
2921
1388
1758
1035
761
2876
1405
1914
77
1006
2835
714
1772
1355
2192
1762
774
1945
17
1589
268
539
1538
1418
2260
1845
2820
1252
766
1587
2467
851
1711
2024
637
662
648
2067
1995
1045
1936
968
1995
2103
2721
327
1455
2880
1238
1148
1802
2854
2427
1663
650
2297
2614
1787
472
2405
262
2277
1092
2962
203
1960
1520
2796
677
2817
2295
2352
661
188
1988
379
1516
1979
2856
979
2860
1382
2799
1122
2782
2463
803
1205
1102
788
908
2226
1271
2258
444
1827
2757
2334
842
669
1379
2063
691
1407
980
476
2991
2995
1099
315
591
21
2958
2485
1756
2396
31
2109
1557
1904
1803
751
408
948
1927
9
1507
1156
78
551
2264
2549
72
2534
913
2495
1551
2359
1531
1890
549
788
2472
721
2653
637
936
1547
1164
1552
1899
2380
770
1710
2980
2989
597
797
1051
2774
1319
1120
432
2105
2052
413
386
327
234
2603
1427
2566
456
656
460
1961
333
2571
2250
1079
13
570
969
940
681
2729
1678
1384
1627
403
1553
2406
908
229
1492
548
2516
773
338
1522
124
1480
1492
2895
42
102
1962
2945
868
1515
1141
626
1564
1573
2547
62
2239
544
2684
1984
832
2624
861
1215
143
1082
2347
2502
2253
747
1654
1816
1321
1791
1977
2688
1031
2092
1873
110
1569
1915
2224
2208
2014
2146
2270
1991
2323
958
2121
390
1747
1498
612
81
2529
2975
667
628
70
450
1475
43
2460
2626
2773
2008
267
985
363
2793
2906
2878
2669
1228
2579
354
2627
2079
1893
983
2635
1647
2620
298
399
639
866
128
2655
15
982
2661
2561
854
2986
2891
2358
241
1085
1903
428
1622
1969
384
334
2235
50
794
1674
891
2637
1735
709
1680
2154
1270
1689
1062
1091
2272
1552
1294
1135
1239
2391
188
181
2573
495
1904
1433
1835
173
694
1686
2243
2661
2416
2106
387
523
2047
1374
1074
1750
2491
6
2115
488
1593
1862
1970
1902
2524
498
307
1015
1494
1942
1757
1683
2216
740
1504
859
2474
2785
1795
297
2857
1360
1934
2569
1818
208
2005
2895
1095
1035
2230
1760
1833
1903
2707
2558
1816
1289
1170
665
2704
1301
397
1347
409
1537
2979
692
2456
2504
373
1493
2541
1180
1414
1466
475
2425
812
597
210
2288
693
1591
1773
2086
2714
1447
715
1162
1993
105
1950
2712
1836
2798
1800
2828
2034
1370
2574
60
507
1232
2105
239
32
2864
2386
146
2960
1948
1701
1751
1007
109
577
2275
555
1081
2325
2136
1224
1735
1044
1065
2069
1921
2599
206
2267
369
1356
2863
2878
2116
2340
1825
2025
1878
1857
1730
730
740
767
1846
1578
151
2120
1914
1456
2815
1187
2279
1770
1448
693
474
766
2629
2477
1730
2955
1990
2844
474
1022
3
443
2896
1202
327
2737
2924
2625
2306
1882
1671
1957
679
267
1364
383
1856
907
143
921
233
2471
794
1041
60
2885
2538
2668
2145
2238
2327
796
396
2026
1890
1252
712
2759
762
497
1077
2487
1999
827
2945
913
994
1879
1030
2537
2944
2028
1530
2544
2906
967
526
114
2222
637
907
2320
1184
1572
2571
859
1283
792
938
2639
2224
459
916
1430
2020
740
2410
2764
1017
1636
1289
2697
2494
2922
334
1138
2732
849
207
116
1947
1860
794
602
358
2200
2468
1383
1897
162
1804
921
625
511
186
2155
2841
1607
2414
2867
2083
1839
1971
1456
2885
91
51
767
1023
2238
604
1065
2320
1965
2819
1243
2670
1712
2326
2957
952
2985
222
1576
781
1948
1576
1643
2725
929
1585
2905
613
232
1812
1965
922
2613
101
2196
1881
1701
738
671
2010
2825
271
703
164
781
68
2862
2883
451
1207
1347
2898
491
1673
1106
2089
789
16
1219
2893
965
706
1825
306
1813
2271
1167
32
343
2092
1253
119
1919
272
1155
575
922
439
53
888
1387
599
1845
2229
2193
2283
2420
251
590
175
601
908
2161
2219
222
2565
1707
2824
873
1857
2071
2315
546
2306
444
1054
642
540
1451
2888
2669
1245
36
1544
1398
1476
1071
1508
2321
1923
2540
2572
1827
2936
2253
1842
2805
1734
2165
348
1177
2166
615
1668
1273
646
177
9
1990
1559
190
2204
271
360
1625
1727
2646
2940
2510
570
2347
456
2889
2180
934
1881
1068
10
307
796
836
1368
583
724
296
1223
455
2262
1090
2484
1461
2714
928
1907
2863
1584
651
2346
2888
1420
2397
2379
1521
835
1916
599
2263
1366
1654
861
1934
1858
1832
2690
1958
1530
1545
1811
482
1690
2707
1312
2168
128
617
1379
2631
2763
1939
2845
178
1869
20
1859
1799
1425
2673
975
2240
573
861
2742
480
81
1141
1514
1006
841
2168
720
2923
1998
221
2115
1232
2187
1337
1749
2452
2549
439
2394
174
1794
2714
1023
2257
465
1459
665
906
826
1675
1474
1218
2374
2811
287
2489
2950
2372
1143
93
659
2356
1341
1692
492
1999
533
145
1458
775
2116
2734
1404
1246
795
30
317
73
2654
2212
935
2294
363
517
1813
2869
306
1193
707
1525
1377
373
168
1975
1055
1160
1583
2801
2016
479
676
1547
2070
1258
2514
2967
2583
1008
454
789
724
37
2285
965
2959
1228
832
998
2071
2660
1807
1682
2771
268
1416
1449
485
2238
2397
1430
1389
917
1620
1379
1975
791
2199
2702
1599
1269
212
2098
1370
991
2671
1563
563
1806
2156
964
390
2650
1804
2849
421
2230
805
2763
309
2668
2486
2030
2635
2126
240
2720
2695
868
2189
2392
1940
2275
2281
1195
1466
2932
2890
1918
2501
1191
477
2787
1241
369
2893
2002
1627
214
125
1381
1702
1249
1976
892
1165
1226
82
1392
2465
109
1026
1492
2404
2809
1950
218
2684
1260
2078
902
1116
1436
1895
1667
364
439
437
1858
81
2006
2167
1861
123
1494
287
2925
203
796
2092
892
2874
1565
1963
108
1066
668
1106
1233
2658
1951
2803
257
544
2084
2094
2660
1624
616
243
2390
1823
1275
1096
1211
862
1035
1592
2849
923
627
1175
442
588
818
616
2900
602
1104
1976
1972
1904
2338
1895
1176
1219
1296
1276
100
113
1269
586
2100
932
1399
574
8
2329
2787
31
162
2332
2220
1504
1787
840
1826
365
2715
2362
2011
1622
1319
2487
2643
47
1636
131
729
1847
2782
2007
594
1988
31
982
1025
2626
2257
1094
2856
1679
2840
1908
2043
2576
1742
1647
519
1504
986
1190
866
2186
2551
1434
269
144
474
843
2166
847
2871
164
2591
2743
1545
1235
1385
261
999
686
196
2255
1792
2987
535
1016
500
2800
2146
146
1879
2004
2424
888
2321
2906
2829
355
2227
246
1888
1133
2595
1486
1782
1191
831
1590
2364
844
683
127
1023
1587
73
1894
2859
2146
1676
585
371
2871
1179
1110
152
1768
1397
1111
2928
2974
1703
73
810
2309
2657
1018
1686
1754
182
2285
2312
2216
1272
1228
2970
831
832
2834
2397
2278
1105
1273
2124
126
2938
1286
425
1181
1151
2976
1700
4
2320
1160
351
1414
414
1808
1041
697
9
1339
1611
2558
1104
1633
993
427
2023
525
1013
1782
399
2337
2191
384
868
594
2464
1047
795
556
96
1503
2182
1453
2071
350
804
2504
1770
2671
1612
1754
991
2022
510
605
42
1818
858
2586
53
889
239
1440
565
2039
2486
2965
21
1838
1366
1210
2913
1667
1912
772
2038
2069
1018
715
2709
1975
1694
1465
595
2092
171
2574
1458
912
2018
1666
1096
2253
430
164
2542
2054
2
2509
1834
2330
1468
1512
2576
2668
1233
325
965
1499
2923
114
75
590
2637
2034
2796
2708
233
425
2138
297
2602
2340
1456
2251
699
2486
1567
2371
1972
1601
1802
94
2755
919
2679
249
2302
2960
84
1234
2241
290
692
2957
2514
98
755
134
168
1544
440
1205
1839
736
2440
1048
2244
2008
1832
2059
2679
2698
932
1747
1169
1190
265
59
1782
2182
775
962
2474
2355
2956
2496
860
577
750
584
2388
603
2852
2223
2541
928
343
1402
1036
2939
2619
2213
289
909
30
936
2933
550
1862
1742
1686
1913
1942
2649
2573
296
2560
1889
2193
606
227
1583
1605
1111
1387
1758
1311
2063
2211
2221
2867
2824
1402
2607
738
1326
2144
2096
2278
613
1265
1774
2945
1002
1143
1470
369
85
1968
1103
2277
1247
2628
1093
1945
1700
2756
1256
496
1256
335
1868
148
20
691
2095
1376
1092
745
2936
1939
2039
71
56
2750
2486
2468
1495
2747
526
2636
1170
2146
1931
2943
1383
1811
1166
1264
158
2898
218
1510
2227
466
1933
627
2766
2361
2226
1678
1688
1389
960
1966
1251
1625
2599
1164
2120
565
1865
978
2708
1869
1657
1039
1648
492
1267
483
620
1223
648
32
1500
1875
987
1331
2838
801
1194
844
2102
826
1144
1754
1872
2263
1536
2019
246
1337
140
96
2200
1069
941
718
378
2531
1259
2650
973
1295
364
2459
2775
1952
2362
2
2316
654
236
1649
1189
2912
2911
2145
2122
105
2963
2483
2221
2652
292
1247
1022
195
1515
532
1480
1829
2193
1830
1938
1006
2194
2105
2325
1591
1471
759
390
2364
1437
186
1720
257
1798
1288
481
1673
2273
549
510
2351
14
2063
217
2536
772
352
147
2515
2951
1826
1591
24
2602
2299
2669
561
1187
1243
2590
2256
1549
1180
1465
2661
2983
2057
1049
1646
2605
383
2138
450
1355
1526
2023
1991
1968
2682
2480
1556
43
1840
75
1252
2086
1387
2381
2800
2828
958
1679
1683
2569
1679
1195
2098
445
1080
631
2697
1595
698
867
1821
2081
2691
148
1590
1168
2721
853
2117
149
876
2067
1027
1305
2483
1647
1461
878
1373
1315
1919
2054
2491
1424
1452
1886
2531
575
71
2899
1885
1132
1607
2770
1152
796
2758
1945
183
1042
676
408
2908
1986
1084
970
2972
2570
724
2478
767
1447
2797
2205
2377
2901
2009
392
2656
1367
2919
1440
1889
720
1404
2675
1269
2447
1339
828
2865
2086
1884
2461
1777
2966
256
2475
2767
1231
2335
2643
1825
2463
2110
1680
1991
1861
691
857
2062
962
2372
2429
1838
1208
2184
2324
139
377
2359
501
950
910
1181
243
2866
557
1936
286
1305
1495
1908
2251
1982
1099
1750
174
2573
1017
43
2145
752
2879
379
2122
420
1139
968
875
2314
943
2549
2751
2089
701
1153
1527
491
205
1276
2076
1308
2568
978
2770
2526
2086
2603
740
2381
303
974
1009
2907
1034
288
2331
1013
1958
255
224
2275
598
610
2163
1203
2019
1649
2214
1079
2452
147
1610
1279
2307
1800
1732
438
549
190
860
2893
375
2239
2758
1417
1339
1173
1683
1559
2697
191
853
656
1681
2237
1574
2056
672
2642
373
2063
903
1847
382
757
1273
2897
972
1997
1165
2069
2275
736
851
678
2672
2174
2028
1916
2635
197
1402
500
1440
213
1930
1879
1268
566
1337
1839
2039
1545
1949
551
1
323
1546
1357
600
1116
2058
966
548
1389
2307
1207
1172
1097
1756
40
1230
1637
322
153
2210
2545
2767
1266
923
1875
1927
2046
749
2710
217
1526
1323
2351
274
1893
2735
447
453
2678
2397
609
23
552
1737
922
2431
290
1612
288
2836
798
42
2566
322
1673
2313
2160
2714
1280
2837
978
2795
76
1343
504
1989
2631
977
225
2081
711
1763
2634
2481
1736
566
1734
807
2962
1282
140
2137
1930
2323
1730
1211
2939
752
1201
1196
1631
2475
1919
187
259
2825
3
1657
2667
650
2864
1321
2682
1634
115
2601
2317
1002
1251
1824
1983
1115
2388
668
2820
2552
998
57
235
1296
697
2722
872
2466
908
1039
1335
688
2614
1490
1364
767
303
1110
448
619
2814
748
1375
1693
1858
2691
1750
1114
2809
302
2186
1692
565
2774
2589
2689
327
1854
2826
2785
2539
1587
2976
2151
1408
1505
1404
770
1108
593
1017
1272
1034
1469
1251
513
394
1731
1699
2926
1894
2275
1622
280
324
2584
1142
59
572
498
1472
1870
1776
884
2218
2605
263
2826
585
2004
1310
1520
1176
1162
1822
1991
1034
2229
2684
1966
2647
1097
724
1865
768
279
1098
1804
1178
375
275
2764
1816
1667
1873
1758
175
1256
1121
2748
2373
947
1009
401
1895
2701
2899
2465
2796
2912
2819
457
1866
2093
598
1832
2242
1679
599
1364
888
2635
960
1592
2494
1421
24
526
489
2513
982
2538
200
1192
717
2409
2466
2712
354
1961
577
2112
2198
2395
916
2049
408
2596
2305
2856
2163
88
889
2818
2895
2120
139
1214
777
1461
2535
118
1665
1000
1517
2176
1456
24
1395
755
90
1216
134
771
2309
2936
2228
1285
774
2167
292
1674
210
719
2491
2584
1907
806
496
264
191
2000
1380
1037
2306
778
1589
653
2606
443
1053
2205
3
124
414
2892
1261
2793
433
1570
2915
2836
2790
343
2476
1694
717
722
1951
1295
279
1962
747
2715
488
2090
1614
412
48
1937
495
2728
1060
1063
2933
1989
2800
2950
70
571
1444
1125
2278
598
1552
2019
1975
1671
2075
348
1422
1041
2785
1663
5
20
1180
343
873
2151
195
1867
2758
2703
1436
2542
346
508
93
1068
694
863
285
2392
921
2343
183
